402 359 -344 394 -416 90 -191 326 430 -128 207 -162 -293 261 -447 
-270 -157 -354 -486 494 83 -53 -431 -411 15 -453 -452 113 306 -324 
119 22 28 491 -222 56 472 -367 -15 457 -186 175 -56 -200 -282 
443 174 -25 303 3 -295 251 -153 65 419 -199 147 8 -12 -241 
-487 150 -153 -311 -12 -493 -23 -90 -344 121 -400 -6 287 372 -336 
-252 -268 115 -236 -453 405 -48 -205 68 -130 28 416 391 -372 303 
-394 -332 142 487 -324 -384 -493 462 -258 -84 -464 241 13 279 241 
-130 -200 -421 -285 -202 490 -98 -25 212 -419 -30 -351 380 191 118 
-327 351 68 -426 337 142 197 57 -455 205 -48 322 -64 322 432 
-278 108 406 -290 -365 -476 -348 -400 96 339 -9 329 -109 263 -231 
225 -193 163 -135 -338 199 -102 -20 10 102 262 -393 -48 -175 -272 
100 -462 -135 288 -100 452 14 367 244 -186 249 -206 58 -306 -16 
-318 250 4 184 18 -188 -94 477 441 -496 -204 -330 -375 -203 -220 
263 -329 -282 -374 -218 -84 367 -294 490 -197 246 237 313 -324 437 
28 154 456 287 330 -30 126 185 482 -206 470 -141 -222 -488 36 
